x <- 22
y <- 33
